0.0 0.0 -7.458134171671
0.0 1.0 -7.7123207545039
0.0 2.0 -7.94108867905351
0.0 4.0 -8.649148282327008
0.0 5.0 -8.784233454094307
0.0 7.0 0.0
1.0 0.0 -7.175704635190001
1.0 1.0 -6.861894039100001
1.0 2.0 -6.5132155990000005
1.0 3.0 -6.12579511
1.0 4.0 -5.6953279000000006
1.0 5.0 -5.217031
1.0 7.0 -1.0
2.0 0.0 -7.458134171671
2.0 1.0 -7.175704635190001
2.0 2.0 -6.861894039100001
2.0 4.0 -5.217031
2.0 5.0 -4.68559
2.0 7.0 -1.9
3.0 0.0 -7.7123207545039
3.0 1.0 -7.458134171671
3.0 2.0 -7.175704635190001
3.0 4.0 -4.68559
3.0 5.0 -4.0951
3.0 6.0 -3.439
3.0 7.0 -2.71
4.0 0.0 -7.94108867905351
4.0 2.0 -7.458134171671
4.0 3.0 -7.7123207545039
4.0 5.0 -4.68559
4.0 6.0 -4.0951
4.0 7.0 -3.439
5.0 0.0 -8.146979811148158
5.0 1.0 -7.94108867905351
5.0 2.0 -7.7123207545039
5.0 3.0 -7.94108867905351
5.0 4.0 -8.146979811148158
5.0 6.0 -4.68559
6.0 3.0 -8.146979811148158
6.0 4.0 -8.332281830033342
6.0 5.0 -8.499053647030008
6.0 7.0 -9.01522909781639
7.0 0.0 -8.784233454094307
7.0 1.0 -8.649148282327008
7.0 2.0 -8.499053647030008
7.0 3.0 -8.332281830033342
7.0 4.0 -8.499053647030008
7.0 5.0 -8.649148282327008
7.0 6.0 -8.784233454094307
7.0 7.0 -8.905810108684877
